#  r   z    drift_time (t90)
   0   0    0.0
   0   1    0.0
   0   2  246.3
   0   3  238.1
   0   4  229.9
   0   5  221.5
   0   6  212.9
   0   7  203.9
   0   8  194.3
   0   9  184.0
   0  10  172.8
   0  11  160.7
   0  12  147.8
   0  13  139.1
   0  14  148.7
   0  15  164.0
   0  16  178.4
   0  17  196.0
   0  18  213.4
   0  19  230.3
   0  20  249.0
   0  21  268.4
   0  22  288.1
   0  23  308.1
   0  24  328.4
   0  25  349.0
   0  26  369.7
   0  27  390.7
   0  28  411.5
   0  29  432.6
   0  30  453.5
   0  31  474.2
   0  32  494.8
   0  33  515.2
   0  34  535.3
   0  35  555.3
   0  36  574.9
   0  37  594.3
   0  38  613.4
   0  39  632.0
   0  40  650.0
   0  41  667.9
   0  42  685.6
   0  43  703.1
   0  44  719.6
   0  45  736.0
   0  46  752.5
   0  47  767.7
   0  48  783.3
   0  49  797.8
   0  50  812.9
   1   0    0.0
   1   1    0.0
   1   2  244.7
   1   3  236.7
   1   4  228.5
   1   5  220.3
   1   6  211.8
   1   7  202.9
   1   8  193.4
   1   9  183.1
   1  10  172.0
   1  11  159.9
   1  12  147.1
   1  13  139.1
   1  14  148.8
   1  15  164.5
   1  16  178.6
   1  17  196.3
   1  18  213.9
   1  19  231.2
   1  20  249.4
   1  21  268.8
   1  22  288.5
   1  23  308.6
   1  24  328.9
   1  25  349.5
   1  26  370.3
   1  27  391.3
   1  28  412.1
   1  29  433.0
   1  30  453.9
   1  31  474.6
   1  32  495.2
   1  33  515.6
   1  34  535.8
   1  35  555.7
   1  36  575.3
   1  37  594.7
   1  38  613.8
   1  39  632.5
   1  40  650.6
   1  41  668.3
   1  42  686.0
   1  43  703.5
   1  44  720.1
   1  45  736.5
   1  46  752.9
   1  47  768.1
   1  48  783.7
   1  49  798.3
   1  50  813.3
   2   0    0.0
   2   1    0.0
   2   2  239.0
   2   3  231.4
   2   4  224.0
   2   5  216.3
   2   6  208.3
   2   7  199.7
   2   8  190.4
   2   9  180.4
   2  10  169.5
   2  11  157.6
   2  12  144.9
   2  13  139.1
   2  14  149.2
   2  15  165.9
   2  16  179.5
   2  17  197.2
   2  18  215.3
   2  19  233.4
   2  20  251.6
   2  21  270.4
   2  22  290.0
   2  23  310.1
   2  24  330.7
   2  25  351.5
   2  26  372.2
   2  27  392.9
   2  28  413.5
   2  29  434.4
   2  30  455.2
   2  31  475.9
   2  32  496.5
   2  33  516.9
   2  34  537.0
   2  35  556.9
   2  36  576.5
   2  37  595.9
   2  38  615.0
   2  39  633.8
   2  40  652.1
   2  41  669.7
   2  42  687.2
   2  43  704.7
   2  44  721.7
   2  45  737.7
   2  46  754.1
   2  47  769.5
   2  48  785.0
   2  49  799.7
   2  50  814.5
   3   0    0.0
   3   1    0.0
   3   2  225.9
   3   3  219.8
   3   4  214.5
   3   5  208.5
   3   6  201.7
   3   7  194.1
   3   8  185.5
   3   9  175.9
   3  10  165.3
   3  11  153.7
   3  12  141.2
   3  13  139.2
   3  14  151.1
   3  15  167.3
   3  16  183.2
   3  17  198.8
   3  18  217.1
   3  19  235.7
   3  20  254.5
   3  21  273.7
   3  22  293.4
   3  23  313.4
   3  24  333.6
   3  25  354.1
   3  26  374.6
   3  27  395.2
   3  28  415.7
   3  29  436.6
   3  30  457.4
   3  31  478.2
   3  32  498.8
   3  33  519.2
   3  34  539.4
   3  35  559.2
   3  36  578.8
   3  37  598.0
   3  38  617.0
   3  39  635.7
   3  40  654.2
   3  41  672.3
   3  42  689.5
   3  43  706.7
   3  44  723.9
   3  45  740.1
   3  46  756.1
   3  47  772.2
   3  48  787.0
   3  49  802.4
   3  50  816.6
   4   0    0.0
   4   1    0.0
   4   2  196.8
   4   3  199.0
   4   4  198.8
   4   5  196.2
   4   6  191.6
   4   7  185.5
   4   8  178.0
   4   9  169.2
   4  10  159.2
   4  11  148.2
   4  12  136.0
   4  13  139.7
   4  14  156.2
   4  15  169.0
   4  16  186.5
   4  17  203.4
   4  18  219.6
   4  19  238.2
   4  20  257.3
   4  21  276.7
   4  22  296.4
   4  23  316.4
   4  24  336.7
   4  25  357.1
   4  26  377.6
   4  27  398.3
   4  28  419.1
   4  29  440.0
   4  30  461.1
   4  31  482.0
   4  32  502.6
   4  33  522.9
   4  34  543.0
   4  35  562.8
   4  36  582.4
   4  37  601.5
   4  38  620.2
   4  39  638.7
   4  40  657.0
   4  41  675.1
   4  42  692.9
   4  43  709.8
   4  44  726.6
   4  45  743.5
   4  46  759.2
   4  47  775.1
   4  48  790.3
   4  49  805.3
   4  50  819.8
   5   0  195.1
   5   1  164.8
   5   2  170.0
   5   3  177.2
   5   4  180.8
   5   5  181.2
   5   6  178.9
   5   7  174.5
   5   8  168.4
   5   9  160.6
   5  10  151.4
   5  11  140.9
   5  12  131.6
   5  13  146.4
   5  14  158.4
   5  15  175.0
   5  16  189.3
   5  17  207.2
   5  18  225.5
   5  19  243.8
   5  20  262.3
   5  21  281.2
   5  22  300.8
   5  23  321.0
   5  24  341.4
   5  25  362.1
   5  26  382.7
   5  27  403.3
   5  28  423.9
   5  29  444.6
   5  30  465.3
   5  31  485.9
   5  32  506.3
   5  33  526.6
   5  34  546.7
   5  35  566.5
   5  36  586.0
   5  37  605.3
   5  38  624.3
   5  39  643.1
   5  40  661.2
   5  41  678.8
   5  42  696.4
   5  43  714.0
   5  44  730.8
   5  45  747.0
   5  46  763.5
   5  47  778.8
   5  48  794.5
   5  49  809.2
   5  50  824.2
   6   0  184.3
   6   1  156.4
   6   2  158.8
   6   3  162.4
   6   4  165.4
   6   5  166.5
   6   6  165.4
   6   7  162.2
   6   8  157.2
   6   9  150.4
   6  10  142.1
   6  11  132.3
   6  12  138.1
   6  13  148.8
   6  14  164.7
   6  15  178.6
   6  16  196.1
   6  17  213.1
   6  18  229.5
   6  19  248.2
   6  20  267.3
   6  21  286.7
   6  22  306.4
   6  23  326.4
   6  24  346.6
   6  25  367.0
   6  26  387.5
   6  27  408.1
   6  28  428.8
   6  29  449.6
   6  30  470.5
   6  31  491.3
   6  32  511.8
   6  33  532.0
   6  34  552.0
   6  35  571.8
   6  36  591.1
   6  37  610.0
   6  38  628.8
   6  39  647.3
   6  40  665.7
   6  41  683.9
   6  42  701.5
   6  43  718.3
   6  44  735.4
   6  45  752.2
   6  46  767.8
   6  47  784.0
   6  48  799.0
   6  49  814.4
   6  50  828.8
   7   0  149.5
   7   1  147.9
   7   2  149.1
   7   3  151.0
   7   4  152.6
   7   5  153.2
   7   6  152.2
   7   7  149.5
   7   8  145.2
   7   9  139.1
   7  10  131.5
   7  11  129.5
   7  12  139.7
   7  13  156.4
   7  14  168.9
   7  15  186.2
   7  16  201.7
   7  17  218.5
   7  18  236.9
   7  19  255.6
   7  20  274.5
   7  21  293.7
   7  22  313.4
   7  23  333.4
   7  24  353.6
   7  25  374.0
   7  26  394.4
   7  27  414.9
   7  28  435.3
   7  29  455.8
   7  30  476.4
   7  31  496.9
   7  32  517.2
   7  33  537.4
   7  34  557.3
   7  35  577.0
   7  36  596.5
   7  37  615.7
   7  38  634.7
   7  39  653.3
   7  40  671.5
   7  41  689.0
   7  42  706.6
   7  43  724.2
   7  44  741.1
   7  45  757.3
   7  46  773.9
   7  47  789.3
   7  48  804.9
   7  49  819.8
   7  50  834.8
   8   0  167.9
   8   1  139.1
   8   2  139.8
   8   3  140.6
   8   4  141.1
   8   5  140.9
   8   6  139.6
   8   7  137.0
   8   8  132.9
   8   9  127.3
   8  10  125.5
   8  11  137.0
   8  12  148.2
   8  13  161.3
   8  14  177.2
   8  15  193.2
   8  16  208.6
   8  17  226.6
   8  18  244.9
   8  19  263.1
   8  20  281.4
   8  21  300.1
   8  22  319.8
   8  23  339.8
   8  24  360.2
   8  25  380.9
   8  26  401.6
   8  27  422.2
   8  28  442.7
   8  29  463.2
   8  30  483.7
   8  31  504.1
   8  32  524.4
   8  33  544.4
   8  34  564.3
   8  35  583.9
   8  36  603.3
   8  37  622.4
   8  38  641.0
   8  39  659.2
   8  40  677.3
   8  41  695.5
   8  42  713.3
   8  43  730.2
   8  44  747.0
   8  45  764.0
   8  46  779.9
   8  47  795.8
   8  48  811.6
   8  49  826.3
   8  50  841.5
   9   0  131.1
   9   1  130.0
   9   2  130.2
   9   3  130.3
   9   4  130.1
   9   5  129.2
   9   6  127.5
   9   7  124.7
   9   8  120.5
   9   9  119.7
   9  10  129.3
   9  11  142.3
   9  12  156.8
   9  13  169.0
   9  14  185.9
   9  15  199.8
   9  16  217.4
   9  17  235.3
   9  18  253.1
   9  19  270.5
   9  20  289.1
   9  21  308.4
   9  22  328.1
   9  23  348.1
   9  24  368.2
   9  25  388.6
   9  26  409.1
   9  27  429.7
   9  28  450.2
   9  29  470.8
   9  30  491.4
   9  31  511.8
   9  32  532.0
   9  33  552.0
   9  34  571.7
   9  35  591.1
   9  36  610.1
   9  37  629.0
   9  38  647.7
   9  39  666.3
   9  40  684.7
   9  41  702.7
   9  42  719.8
   9  43  737.1
   9  44  754.4
   9  45  771.0
   9  46  786.9
   9  47  803.3
   9  48  818.3
   9  49  834.0
   9  50  848.4
  10   0  148.6
  10   1  120.3
  10   2  120.1
  10   3  119.8
  10   4  119.0
  10   5  117.7
  10   6  115.5
  10   7  112.3
  10   8  118.7
  10   9  128.3
  10  10  138.5
  10  11  149.7
  10  12  165.7
  10  13  178.4
  10  14  195.0
  10  15  209.2
  10  16  226.8
  10  17  244.6
  10  18  262.0
  10  19  279.5
  10  20  298.4
  10  21  317.7
  10  22  337.3
  10  23  357.2
  10  24  377.3
  10  25  397.6
  10  26  418.0
  10  27  438.4
  10  28  458.8
  10  29  479.1
  10  30  499.5
  10  31  519.7
  10  32  539.8
  10  33  559.7
  10  34  579.3
  10  35  598.7
  10  36  617.9
  10  37  636.8
  10  38  655.7
  10  39  674.3
  10  40  692.5
  10  41  709.9
  10  42  727.4
  10  43  745.0
  10  44  762.2
  10  45  778.3
  10  46  795.0
  10  47  811.0
  10  48  826.4
  10  49  842.0
  10  50  856.5
  11   0  143.7
  11   1  109.9
  11   2  109.6
  11   3  108.9
  11   4  107.7
  11   5  105.9
  11   6  109.1
  11   7  117.5
  11   8  127.1
  11   9  137.4
  11  10  148.0
  11  11  159.5
  11  12  175.3
  11  13  188.3
  11  14  204.8
  11  15  219.2
  11  16  236.7
  11  17  254.5
  11  18  272.0
  11  19  289.5
  11  20  308.3
  11  21  327.6
  11  22  347.1
  11  23  367.0
  11  24  387.0
  11  25  407.2
  11  26  427.6
  11  27  447.9
  11  28  468.2
  11  29  488.4
  11  30  508.6
  11  31  528.8
  11  32  548.7
  11  33  568.5
  11  34  588.0
  11  35  607.3
  11  36  626.5
  11  37  645.5
  11  38  664.3
  11  39  682.8
  11  40  700.5
  11  41  718.1
  11  42  735.9
  11  43  753.5
  11  44  770.2
  11  45  786.8
  11  46  803.6
  11  47  819.2
  11  48  835.2
  11  49  850.4
  11  50  865.5
  12   0  115.7
  12   1   98.9
  12   2   98.4
  12   3   99.2
  12   4   99.8
  12   5  108.9
  12   6  117.7
  12   7  126.8
  12   8  136.7
  12   9  147.2
  12  10  158.1
  12  11  169.9
  12  12  185.7
  12  13  198.7
  12  14  215.3
  12  15  229.8
  12  16  247.2
  12  17  265.1
  12  18  282.9
  12  19  300.4
  12  20  318.9
  12  21  338.1
  12  22  357.5
  12  23  377.3
  12  24  397.3
  12  25  417.5
  12  26  437.7
  12  27  458.1
  12  28  478.3
  12  29  498.5
  12  30  518.5
  12  31  538.5
  12  32  558.3
  12  33  578.0
  12  34  597.4
  12  35  616.7
  12  36  635.8
  12  37  654.8
  12  38  673.5
  12  39  691.7
  12  40  709.3
  12  41  727.1
  12  42  745.0
  12  43  762.5
  12  44  779.0
  12  45  795.9
  12  46  812.8
  12  47  828.3
  12  48  844.5
  12  49  859.7
  12  50  875.0
  13   0  101.4
  13   1   99.3
  13   2   99.8
  13   3  107.3
  13   4  109.4
  13   5  118.4
  13   6  127.6
  13   7  137.1
  13   8  147.0
  13   9  157.5
  13  10  168.8
  13  11  182.8
  13  12  196.5
  13  13  209.8
  13  14  226.2
  13  15  242.3
  13  16  258.2
  13  17  276.1
  13  18  294.3
  13  19  312.4
  13  20  330.5
  13  21  349.3
  13  22  368.6
  13  23  388.2
  13  24  408.2
  13  25  428.3
  13  26  448.5
  13  27  468.8
  13  28  489.0
  13  29  509.2
  13  30  529.2
  13  31  549.0
  13  32  568.7
  13  33  588.1
  13  34  607.5
  13  35  626.7
  13  36  645.7
  13  37  664.6
  13  38  683.2
  13  39  701.2
  13  40  718.8
  13  41  736.6
  13  42  754.6
  13  43  772.0
  13  44  788.6
  13  45  805.6
  13  46  822.5
  13  47  838.1
  13  48  854.4
  13  49  869.7
  13  50  885.2
  14   0  110.4
  14   1  109.6
  14   2  113.7
  14   3  117.7
  14   4  122.7
  14   5  128.9
  14   6  138.0
  14   7  147.6
  14   8  157.8
  14   9  168.6
  14  10  180.6
  14  11  195.0
  14  12  207.7
  14  13  223.1
  14  14  237.6
  14  15  254.5
  14  16  270.0
  14  17  287.5
  14  18  305.8
  14  19  324.3
  14  20  343.0
  14  21  361.8
  14  22  380.7
  14  23  400.0
  14  24  419.9
  14  25  440.0
  14  26  460.3
  14  27  480.6
  14  28  500.7
  14  29  520.8
  14  30  540.6
  14  31  560.2
  14  32  579.7
  14  33  599.0
  14  34  618.1
  14  35  637.1
  14  36  656.1
  14  37  674.8
  14  38  693.4
  14  39  711.4
  14  40  728.9
  14  41  746.7
  14  42  764.6
  14  43  782.1
  14  44  798.7
  14  45  815.8
  14  46  832.7
  14  47  848.5
  14  48  864.9
  14  49  880.4
  14  50  895.8
  15   0  123.6
  15   1  124.0
  15   2  126.3
  15   3  128.4
  15   4  136.0
  15   5  141.9
  15   6  149.4
  15   7  159.0
  15   8  169.3
  15   9  181.3
  15  10  194.4
  15  11  206.7
  15  12  219.6
  15  13  235.4
  15  14  249.7
  15  15  266.4
  15  16  283.6
  15  17  299.8
  15  18  317.7
  15  19  336.3
  15  20  355.2
  15  21  374.4
  15  22  393.8
  15  23  413.2
  15  24  432.9
  15  25  452.9
  15  26  473.0
  15  27  493.0
  15  28  513.1
  15  29  533.0
  15  30  552.7
  15  31  572.3
  15  32  591.7
  15  33  610.7
  15  34  629.4
  15  35  648.2
  15  36  666.9
  15  37  685.6
  15  38  704.1
  15  39  722.3
  15  40  739.6
  15  41  757.3
  15  42  775.1
  15  43  792.8
  15  44  809.4
  15  45  826.4
  15  46  843.5
  15  47  859.4
  15  48  875.8
  15  49  892.0
  15  50  907.0
  16   0  136.1
  16   1  136.5
  16   2  137.8
  16   3  141.3
  16   4  147.4
  16   5  155.7
  16   6  164.1
  16   7  173.3
  16   8  183.8
  16   9  195.0
  16  10  206.5
  16  11  218.7
  16  12  233.8
  16  13  247.5
  16  14  263.7
  16  15  278.7
  16  16  296.0
  16  17  313.8
  16  18  331.4
  16  19  349.1
  16  20  367.9
  16  21  387.0
  16  22  406.4
  16  23  425.9
  16  24  445.5
  16  25  465.4
  16  26  485.3
  16  27  505.3
  16  28  525.3
  16  29  545.1
  16  30  564.8
  16  31  584.4
  16  32  603.8
  16  33  622.9
  16  34  641.8
  16  35  660.0
  16  36  678.4
  16  37  696.9
  16  38  715.3
  16  39  733.5
  16  40  751.2
  16  41  768.4
  16  42  786.1
  16  43  803.8
  16  44  820.8
  16  45  837.5
  16  46  854.7
  16  47  871.3
  16  48  887.2
  16  49  903.7
  16  50  918.9
  17   0  148.1
  17   1  148.5
  17   2  150.1
  17   3  155.7
  17   4  159.6
  17   5  167.6
  17   6  176.5
  17   7  186.1
  17   8  196.3
  17   9  207.2
  17  10  218.9
  17  11  233.1
  17  12  246.4
  17  13  260.9
  17  14  276.4
  17  15  293.2
  17  16  309.0
  17  17  326.7
  17  18  345.1
  17  19  363.6
  17  20  382.2
  17  21  400.8
  17  22  419.6
  17  23  438.9
  17  24  458.4
  17  25  478.1
  17  26  498.0
  17  27  518.0
  17  28  537.9
  17  29  557.6
  17  30  577.2
  17  31  596.7
  17  32  616.0
  17  33  635.2
  17  34  654.1
  17  35  672.8
  17  36  690.9
  17  37  708.8
  17  38  726.9
  17  39  745.1
  17  40  763.1
  17  41  780.3
  17  42  797.6
  17  43  815.2
  17  44  832.8
  17  45  849.3
  17  46  866.3
  17  47  883.4
  17  48  899.3
  17  49  915.7
  17  50  931.9
  18   0  162.4
  18   1  163.0
  18   2  165.3
  18   3  168.0
  18   4  174.9
  18   5  181.2
  18   6  189.0
  18   7  198.5
  18   8  208.9
  18   9  220.4
  18  10  233.6
  18  11  246.2
  18  12  259.5
  18  13  275.2
  18  14  289.9
  18  15  306.5
  18  16  323.9
  18  17  340.7
  18  18  358.3
  18  19  376.8
  18  20  395.7
  18  21  414.9
  18  22  434.2
  18  23  453.6
  18  24  473.0
  18  25  492.5
  18  26  512.3
  18  27  532.1
  18  28  551.9
  18  29  571.5
  18  30  590.8
  18  31  609.9
  18  32  628.9
  18  33  647.8
  18  34  666.6
  18  35  685.3
  18  36  703.7
  18  37  721.8
  18  38  739.2
  18  39  757.1
  18  40  775.1
  18  41  792.9
  18  42  809.8
  18  43  827.1
  18  44  844.7
  18  45  862.0
  18  46  878.4
  18  47  895.5
  18  48  912.5
  18  49  928.2
  18  50  944.8
  19   0  176.5
  19   1  176.4
  19   2  178.0
  19   3  182.7
  19   4  187.5
  19   5  195.5
  19   6  204.2
  19   7  213.6
  19   8  224.0
  19   9  235.2
  19  10  246.9
  19  11  259.7
  19  12  274.8
  19  13  288.5
  19  14  304.9
  19  15  320.5
  19  16  337.3
  19  17  355.2
  19  18  373.3
  19  19  391.3
  19  20  409.4
  19  21  428.4
  19  22  447.6
  19  23  467.1
  19  24  486.6
  19  25  506.1
  19  26  525.8
  19  27  545.6
  19  28  565.4
  19  29  585.1
  19  30  604.7
  19  31  624.0
  19  32  643.1
  19  33  661.8
  19  34  679.9
  19  35  698.1
  19  36  716.4
  19  37  734.7
  19  38  752.7
  19  39  769.8
  19  40  787.4
  19  41  805.2
  19  42  822.9
  19  43  839.7
  19  44  857.0
  19  45  874.6
  19  46  891.7
  19  47  908.1
  19  48  925.3
  19  49  942.1
  19  50  957.9
  20   0  189.2
  20   1  189.7
  20   2  193.0
  20   3  196.3
  20   4  202.3
  20   5  208.5
  20   6  217.4
  20   7  227.0
  20   8  237.3
  20   9  248.5
  20  10  261.6
  20  11  275.0
  20  12  288.1
  20  13  303.9
  20  14  318.4
  20  15  335.3
  20  16  352.3
  20  17  368.8
  20  18  386.9
  20  19  405.6
  20  20  424.5
  20  21  443.6
  20  22  462.8
  20  23  482.1
  20  24  501.3
  20  25  520.5
  20  26  539.9
  20  27  559.5
  20  28  579.2
  20  29  598.8
  20  30  618.2
  20  31  637.5
  20  32  656.5
  20  33  675.5
  20  34  694.2
  20  35  712.5
  20  36  730.0
  20  37  747.7
  20  38  765.7
  20  39  783.6
  20  40  800.9
  20  41  818.0
  20  42  835.6
  20  43  853.3
  20  44  870.1
  20  45  887.3
  20  46  904.9
  20  47  922.1
  20  48  938.5
  20  49  955.6
  20  50  972.5
  21   0  204.9
  21   1  205.3
  21   2  206.9
  21   3  210.5
  21   4  216.5
  21   5  224.5
  21   6  232.8
  21   7  241.9
  21   8  252.6
  21   9  264.2
  21  10  276.0
  21  11  288.5
  21  12  303.6
  21  13  317.4
  21  14  333.9
  21  15  349.0
  21  16  366.3
  21  17  384.2
  21  18  402.0
  21  19  419.5
  21  20  438.3
  21  21  457.4
  21  22  476.7
  21  23  496.2
  21  24  515.8
  21  25  535.3
  21  26  554.9
  21  27  574.6
  21  28  594.3
  21  29  613.9
  21  30  633.3
  21  31  652.5
  21  32  671.2
  21  33  689.4
  21  34  707.8
  21  35  726.2
  21  36  744.5
  21  37  762.3
  21  38  779.3
  21  39  796.9
  21  40  814.6
  21  41  832.1
  21  42  848.9
  21  43  866.4
  21  44  884.1
  21  45  901.3
  21  46  918.1
  21  47  935.7
  21  48  953.2
  21  49  969.6
  21  50  986.6
  22   0  218.5
  22   1  219.1
  22   2  222.1
  22   3  225.8
  22   4  231.0
  22   5  237.8
  22   6  246.7
  22   7  256.2
  22   8  266.5
  22   9  277.6
  22  10  289.7
  22  11  304.1
  22  12  317.2
  22  13  332.8
  22  14  347.4
  22  15  364.5
  22  16  380.8
  22  17  397.9
  22  18  416.2
  22  19  434.9
  22  20  453.8
  22  21  472.9
  22  22  492.0
  22  23  511.2
  22  24  530.4
  22  25  549.7
  22  26  569.2
  22  27  588.8
  22  28  608.4
  22  29  628.0
  22  30  647.4
  22  31  666.6
  22  32  685.7
  22  33  704.6
  22  34  723.1
  22  35  741.0
  22  36  758.4
  22  37  776.3
  22  38  794.2
  22  39  811.5
  22  40  828.3
  22  41  845.8
  22  42  863.5
  22  43  880.4
  22  44  897.5
  22  45  915.3
  22  46  932.9
  22  47  949.8
  22  48  967.1
  22  49  984.8
  22  50 1002.1
  23   0  234.7
  23   1  234.9
  23   2  236.5
  23   3  239.6
  23   4  246.0
  23   5  253.6
  23   6  261.4
  23   7  270.1
  23   8  281.0
  23   9  293.1
  23  10  305.2
  23  11  317.6
  23  12  332.5
  23  13  346.7
  23  14  362.9
  23  15  378.1
  23  16  395.6
  23  17  413.5
  23  18  430.9
  23  19  448.8
  23  20  467.7
  23  21  486.9
  23  22  506.4
  23  23  525.9
  23  24  545.5
  23  25  565.2
  23  26  584.7
  23  27  604.4
  23  28  624.1
  23  29  643.7
  23  30  663.0
  23  31  682.1
  23  32  700.7
  23  33  719.0
  23  34  737.4
  23  35  755.8
  23  36  773.9
  23  37  791.5
  23  38  808.4
  23  39  825.9
  23  40  843.5
  23  41  860.2
  23  42  877.3
  23  43  894.9
  23  44  912.5
  23  45  929.4
  23  46  947.0
  23  47  964.9
  23  48  982.7
  23  49  999.7
  23  50 1017.2
  24   0  248.2
  24   1  248.6
  24   2  251.2
  24   3  255.4
  24   4  259.8
  24   5  267.3
  24   6  276.0
  24   7  285.6
  24   8  295.9
  24   9  306.9
  24  10  318.7
  24  11  333.1
  24  12  346.5
  24  13  361.5
  24  14  376.8
  24  15  393.8
  24  16  409.6
  24  17  427.3
  24  18  445.7
  24  19  464.4
  24  20  483.4
  24  21  502.4
  24  22  521.7
  24  23  541.0
  24  24  560.4
  24  25  579.8
  24  26  599.3
  24  27  619.0
  24  28  638.6
  24  29  658.2
  24  30  677.6
  24  31  696.8
  24  32  715.9
  24  33  734.8
  24  34  753.3
  24  35  771.3
  24  36  788.6
  24  37  806.4
  24  38  824.1
  24  39  841.3
  24  40  857.9
  24  41  875.4
  24  42  892.8
  24  43  909.4
  24  44  926.8
  24  45  944.7
  24  46  962.5
  24  47  979.8
  24  48  997.6
  24  49 1015.7
  24  50 1033.8
  25   0  263.8
  25   1  264.4
  25   2  266.0
  25   3  268.9
  25   4  275.5
  25   5  282.6
  25   6  289.8
  25   7  299.1
  25   8  309.5
  25   9  321.7
  25  10  334.4
  25  11  346.8
  25  12  361.0
  25  13  376.0
  25  14  391.8
  25  15  407.4
  25  16  425.0
  25  17  442.8
  25  18  459.9
  25  19  478.4
  25  20  497.4
  25  21  516.7
  25  22  536.3
  25  23  555.9
  25  24  575.6
  25  25  595.4
  25  26  615.1
  25  27  634.8
  25  28  654.5
  25  29  674.2
  25  30  693.7
  25  31  712.9
  25  32  731.7
  25  33  749.9
  25  34  768.2
  25  35  786.5
  25  36  804.7
  25  37  822.5
  25  38  839.2
  25  39  856.5
  25  40  874.0
  25  41  890.9
  25  42  907.5
  25  43  925.1
  25  44  942.6
  25  45  959.6
  25  46  977.4
  25  47  995.6
  25  48 1014.0
  25  49 1032.3
  25  50 1050.0
  26   0  277.7
  26   1  278.0
  26   2  279.8
  26   3  284.8
  26   4  288.9
  26   5  296.6
  26   6  305.4
  26   7  314.9
  26   8  325.1
  26   9  336.1
  26  10  347.8
  26  11  361.7
  26  12  375.7
  26  13  389.9
  26  14  406.1
  26  15  422.9
  26  16  438.8
  26  17  456.7
  26  18  475.3
  26  19  494.1
  26  20  513.0
  26  21  532.2
  26  22  551.6
  26  23  571.1
  26  24  590.7
  26  25  610.4
  26  26  629.9
  26  27  649.6
  26  28  669.4
  26  29  689.1
  26  30  708.6
  26  31  727.9
  26  32  747.0
  26  33  765.9
  26  34  784.6
  26  35  802.9
  26  36  820.4
  26  37  837.8
  26  38  855.5
  26  39  873.1
  26  40  889.5
  26  41  906.6
  26  42  924.0
  26  43  940.9
  26  44  957.8
  26  45  975.7
  26  46  993.8
  26  47 1011.9
  26  48 1029.9
  26  49 1048.4
  26  50 1067.2
  27   0  292.9
  27   1  293.5
  27   2  295.4
  27   3  298.1
  27   4  304.7
  27   5  310.9
  27   6  318.8
  27   7  328.2
  27   8  338.5
  27   9  349.8
  27  10  363.4
  27  11  376.0
  27  12  389.4
  27  13  405.2
  27  14  420.0
  27  15  436.7
  27  16  454.4
  27  17  471.9
  27  18  489.2
  27  19  507.9
  27  20  527.1
  27  21  546.6
  27  22  566.2
  27  23  586.0
  27  24  605.9
  27  25  625.8
  27  26  645.6
  27  27  665.4
  27  28  685.3
  27  29  705.1
  27  30  724.8
  27  31  744.2
  27  32  763.4
  27  33  782.2
  27  34  800.3
  27  35  818.3
  27  36  836.5
  27  37  854.6
  27  38  872.2
  27  39  888.8
  27  40  906.1
  27  41  923.5
  27  42  939.9
  27  43  957.0
  27  44  974.7
  27  45  992.5
  27  46 1010.0
  27  47 1028.3
  27  48 1047.0
  27  49 1066.1
  27  50 1085.5
  28   0  306.9
  28   1  307.1
  28   2  308.8
  28   3  313.7
  28   4  318.0
  28   5  325.8
  28   6  334.5
  28   7  343.8
  28   8  354.1
  28   9  365.2
  28  10  376.9
  28  11  389.7
  28  12  404.9
  28  13  418.7
  28  14  435.3
  28  15  451.6
  28  16  468.0
  28  17  486.1
  28  18  504.7
  28  19  523.6
  28  20  542.6
  28  21  561.9
  28  22  581.5
  28  23  601.3
  28  24  621.2
  28  25  641.1
  28  26  661.0
  28  27  680.8
  28  28  700.8
  28  29  720.6
  28  30  740.2
  28  31  759.6
  28  32  778.7
  28  33  797.7
  28  34  816.5
  28  35  835.1
  28  36  853.4
  28  37  870.9
  28  38  888.2
  28  39  905.8
  28  40  923.4
  28  41  939.8
  28  42  956.8
  28  43  974.4
  28  44  991.9
  28  45 1009.1
  28  46 1027.3
  28  47 1046.2
  28  48 1065.5
  28  49 1085.2
  28  50 1105.1
  29   0  321.2
  29   1  321.9
  29   2  324.3
  29   3  327.1
  29   4  333.4
  29   5  339.1
  29   6  347.6
  29   7  357.1
  29   8  367.4
  29   9  378.5
  29  10  391.6
  29  11  405.1
  29  12  418.2
  29  13  434.2
  29  14  448.8
  29  15  465.9
  29  16  483.5
  29  17  500.4
  29  18  518.5
  29  19  537.4
  29  20  556.7
  29  21  576.3
  29  22  596.1
  29  23  616.1
  29  24  636.1
  29  25  656.2
  29  26  676.2
  29  27  696.2
  29  28  716.2
  29  29  736.2
  29  30  756.1
  29  31  775.8
  29  32  795.2
  29  33  814.4
  29  34  833.3
  29  35  851.7
  29  36  869.3
  29  37  887.3
  29  38  905.4
  29  39  923.2
  29  40  940.0
  29  41  957.1
  29  42  974.7
  29  43  992.0
  29  44 1009.1
  29  45 1027.0
  29  46 1045.6
  29  47 1064.8
  29  48 1084.6
  29  49 1105.0
  29  50 1125.8
  30   0  335.5
  30   1  335.9
  30   2  337.5
  30   3  341.7
  30   4  346.8
  30   5  354.6
  30   6  362.8
  30   7  371.8
  30   8  382.4
  30   9  394.0
  30  10  405.9
  30  11  418.4
  30  12  433.7
  30  13  447.6
  30  14  464.3
  30  15  479.7
  30  16  497.1
  30  17  515.4
  30  18  534.0
  30  19  552.9
  30  20  572.0
  30  21  591.4
  30  22  611.2
  30  23  631.3
  30  24  651.5
  30  25  671.7
  30  26  691.9
  30  27  712.0
  30  28  732.2
  30  29  752.4
  30  30  772.3
  30  31  792.0
  30  32  811.4
  30  33  830.3
  30  34  849.1
  30  35  867.7
  30  36  886.2
  30  37  904.7
  30  38  922.7
  30  39  939.9
  30  40  957.4
  30  41  975.2
  30  42  992.7
  30  43 1009.5
  30  44 1027.4
  30  45 1045.8
  30  46 1064.6
  30  47 1084.0
  30  48 1104.2
  30  49 1125.4
  30  50 1147.4
  31   0  348.7
  31   1  349.2
  31   2  352.3
  31   3  355.8
  31   4  360.6
  31   5  367.6
  31   6  376.4
  31   7  385.9
  31   8  396.1
  31   9  407.2
  31  10  419.2
  31  11  433.8
  31  12  447.0
  31  13  462.8
  31  14  477.6
  31  15  494.9
  31  16  512.2
  31  17  529.1
  31  18  547.7
  31  19  566.7
  31  20  586.2
  31  21  606.0
  31  22  625.9
  31  23  646.0
  31  24  666.2
  31  25  686.5
  31  26  706.7
  31  27  726.9
  31  28  747.1
  31  29  767.4
  31  30  787.5
  31  31  807.4
  31  32  827.1
  31  33  846.5
  31  34  865.8
  31  35  884.8
  31  36  903.5
  31  37  921.8
  31  38  939.3
  31  39  957.3
  31  40  975.4
  31  41  993.4
  31  42 1010.6
  31  43 1027.9
  31  44 1046.5
  31  45 1065.3
  31  46 1084.5
  31  47 1104.1
  31  48 1124.7
  31  49 1146.8
  31  50 1171.1
  32   0  363.7
  32   1  364.3
  32   2  366.0
  32   3  368.9
  32   4  375.4
  32   5  382.4
  32   6  389.6
  32   7  399.0
  32   8  409.4
  32   9  421.7
  32  10  434.5
  32  11  447.0
  32  12  461.6
  32  13  476.4
  32  14  492.8
  32  15  508.3
  32  16  526.1
  32  17  544.5
  32  18  563.0
  32  19  581.8
  32  20  600.9
  32  21  620.5
  32  22  640.6
  32  23  661.0
  32  24  681.5
  32  25  702.0
  32  26  722.5
  32  27  742.8
  32  28  763.3
  32  29  783.7
  32  30  803.9
  32  31  823.9
  32  32  843.8
  32  33  863.4
  32  34  882.7
  32  35  901.6
  32  36  919.8
  32  37  938.3
  32  38  956.8
  32  39  975.2
  32  40  993.5
  32  41 1011.5
  32  42 1028.9
  32  43 1046.9
  32  44 1065.9
  32  45 1085.4
  32  46 1105.2
  32  47 1125.4
  32  48 1146.8
  32  49 1171.0
  32  50 1197.4
  33   0  377.2
  33   1  377.3
  33   2  379.1
  33   3  384.1
  33   4  388.2
  33   5  396.0
  33   6  404.7
  33   7  414.3
  33   8  424.6
  33   9  435.7
  33  10  447.5
  33  11  461.3
  33  12  475.7
  33  13  490.0
  33  14  506.4
  33  15  523.7
  33  16  539.9
  33  17  557.9
  33  18  576.7
  33  19  596.0
  33  20  615.6
  33  21  635.4
  33  22  655.5
  33  23  675.8
  33  24  696.1
  33  25  716.6
  33  26  737.0
  33  27  757.4
  33  28  778.0
  33  29  798.5
  33  30  819.0
  33  31  839.2
  33  32  859.2
  33  33  879.0
  33  34  898.4
  33  35  917.7
  33  36  936.8
  33  37  955.7
  33  38  974.6
  33  39  993.2
  33  40 1011.4
  33  41 1029.3
  33  42 1047.7
  33  43 1066.2
  33  44 1085.7
  33  45 1105.9
  33  46 1126.6
  33  47 1147.9
  33  48 1172.0
  33  49 1197.4
  33  50 1228.5
  34   0  389.8
  34   1  391.5
  34   2  394.1
  34   3  397.0
  34   4  403.2
  34   5  409.0
  34   6  417.5
  34   7  427.1
  34   8  437.4
  34   9  448.7
  34  10  462.1
  34  11  475.5
  34  12  488.9
  34  13  505.0
  34  14  520.0
  34  15  537.0
  34  16  555.0
  34  17  573.2
  34  18  591.5
  34  19  610.0
  34  20  629.5
  34  21  649.5
  34  22  669.7
  34  23  690.4
  34  24  711.2
  34  25  732.1
  34  26  752.8
  34  27  773.4
  34  28  794.1
  34  29  814.6
  34  30  835.1
  34  31  855.5
  34  32  875.6
  34  33  895.5
  34  34  915.3
  34  35  934.8
  34  36  954.2
  34  37  973.3
  34  38  992.1
  34  39 1010.6
  34  40 1029.1
  34  41 1047.8
  34  42 1066.7
  34  43 1085.8
  34  44 1105.7
  34  45 1126.8
  34  46 1148.8
  34  47 1172.6
  34  48 1198.0
  34  49 1228.5
  34  50 1271.7
